2953 116110570 1.24631 3.87682
2953 582303759 1.13875 3.43319
2954 116210130 1.20888 2.79945
2954 516691746 1.2596 2.33538
2954 983739984 1.41337 1.88298
2955 317435795 1.56108 1.58917
2955 717697094 1.81881 1.26165
2956 118081951 2.17597 1.2245
2956 585199073 2.60993 1.31644
2957 52335391 2.93873 1.61524
2957 519469476 3.11359 2.19998
2957 986707670 3.30518 2.67054
2958 453694609 3.28287 3.20218
2958 854089954 3.34668 3.68284
2959 321259205 3.44617 4.1486
2959 788361691 3.2813 4.57943
2960 255474489 2.98192 4.98055
2960 722588184 2.51798 5.02573
2961 190951858 2.11206 4.94023
2961 656810985 1.7513 4.64789
2962 124020100 1.52072 4.217
2962 524485288 1.36029 3.7603
2962 991541133 1.2955 3.23148
2963 391832589 1.32176 2.80811
2963 792302206 1.33791 2.3417
2964 192881200 1.46689 1.91858
2964 526448233 1.60431 1.60282
2964 926850955 1.87742 1.39377
2965 394118173 2.28809 1.42472
2965 862329362 2.63769 1.67228
2966 328075826 2.76357 2.03023
2966 795240359 2.75705 2.46027
2967 262273484 2.61014 3.01948
2967 729435281 2.29107 3.46392
2968 196567520 1.98582 3.96158
2968 596941675 1.69803 4.28386
2969 64026540 1.49149 4.60709
2969 397694409 1.63981 4.88459
2969 664566295 1.76542 5.02621
2969 931516216 1.97185 5.20309
2970 398664316 2.40261 5.16687
2970 865828700 2.84049 4.94817
2971 332890076 3.0818 4.53389
2971 800027107 3.03045 4.01094
2972 267212547 2.91991 3.49666
2972 667572185 2.65658 3.13327
2973 134654249 2.34593 2.75361
2973 601828733 1.99942 2.39255
2974 2154600 1.70541 2.07022
2974 469385520 1.5829 1.63619
2974 936449421 1.69179 1.34927
2975 270043048 1.92113 1.27885
2975 737203924 2.25091 1.47307
2976 204331310 2.58056 1.7708
2976 671463181 2.6408 2.24184
2977 138517260 2.50379 2.74432
2977 605695240 2.25788 3.16038
2978 6088572 1.93287 3.52894
2978 406408089 1.75061 3.93377
2978 806833034 1.51045 4.26113
2979 207208518 1.34542 4.61849
2979 540962920 1.4309 4.88779
2979 741088127 1.56463 5.00603
2979 941280381 1.72477 5.1174
2980 274910044 2.0317 5.30067
2980 742036589 2.47279 5.21396
2981 209215633 2.8331 5.00743
2981 676282706 3.07038 4.61283
2982 143430986 3.11825 4.09979
2982 610592311 3.0984 3.63005
2983 77722726 2.86928 3.17043
2983 544837971 2.5702 2.76003
2983 945164343 2.25321 2.51221
2984 412291212 1.86649 2.26574
2984 879473868 1.57359 1.80585
2985 346541193 1.43457 1.47939
2985 746962713 1.55808 1.24748
2986 214093180 1.8913 1.30199
2986 681224102 2.31008 1.36989
2987 148354917 2.58056 1.7708
2987 615468615 2.77694 2.25188
2988 82593479 2.97878 2.78668
2988 549664368 3.00952 3.36145
2989 16889771 3.09751 3.89332
2989 483948509 2.91783 4.38793
2989 884347805 2.77167 4.79279
2990 284675588 2.51317 5.10306
2990 751802685 2.10175 5.17274
2991 218930292 1.69871 5.12456
2991 619352571 1.42701 4.84366
2992 87028193 1.25627 4.37698
2992 553605330 1.19978 3.80063
2993 21871643 1.20692 3.29219
2993 421532850 1.14587 2.86386
2993 889258471 1.31034 2.3287
2994 290290615 1.42406 1.93497
2994 690624783 1.65846 1.56356
2995 22767362 1.95238 1.49194
2995 491119480 2.35439 1.51983
2995 956977404 2.73568 1.83682
2996 424106420 2.89355 2.27665
2996 891230931 3.08424 2.76121
2997 358365567 3.10873 3.28888
2997 825477279 3.02875 3.8224
2998 294007940 3.03932 4.31258
2998 759727075 2.80872 4.73278
2999 226866435 2.51458 5.19469
2999 695292278 2.1418 5.19659
3000 161113825 1.73508 5.10871
3000 629362312 1.36752 4.79795
3001 95240365 1.28568 4.35054
3001 495738978 1.14342 3.88988
3001 962869507 1.1061 3.36704
3002 363238089 1.1244 2.91727
3002 830369015 1.18672 2.43382
3003 297492955 1.34124 1.99341
3003 764619903 1.5293 1.5329
3004 165004870 1.88537 1.43859
3004 632376740 2.29612 1.45386
3005 99248487 2.69171 1.75272
3005 566370659 2.89033 2.20582
3006 33504554 3.1632 2.68698
3006 500625509 3.25966 3.22769
3006 968023506 3.34105 3.75923
3007 436267544 3.43208 4.18849
3007 902001632 3.2535 4.61063
3008 369561960 3.04574 5.03229
3008 836133343 2.56848 5.1053
3009 303257375 2.15842 5.12062
3009 770382227 1.77719 4.94828
3010 237465947 1.60355 4.50916
3010 638007826 1.50734 4.11311
3011 105005285 1.67757 3.64105
3011 505473717 1.91713 3.26707
3011 972638949 2.20817 2.82368
3012 439755715 2.52447 2.42541
3012 840133620 2.56232 2.00065
3013 307264206 2.52027 1.50023
3013 774386816 2.3666 1.12914
3014 241465430 1.99358 0.959883
3014 708585109 1.58572 0.96777
3015 109010133 1.41425 1.24543
3015 576086884 1.27604 1.67424
3016 43271883 1.15536 2.18702
3016 510400029 1.19582 2.79945
3016 977471158 1.07851 3.30391
3017 444601484 1.06149 3.80898
3017 911727588 1.19157 4.32829
3018 312101355 1.37982 4.73809
3018 846019106 1.93704 4.86621
3019 179594228 2.31553 4.84835
3019 646768641 2.75542 4.51916
