1 56382 44.655540 10.934315
3 56479 44.655540 10.934313
4 56529 44.655540 10.934314
5 56589 44.655540 10.934312
6 56617 44.655540 10.934311
7 56651 44.655544 10.934305
8 56688 44.655540 10.934307
9 56746 44.655540 10.934308
10 56816 44.655537 10.934310
11 56849 44.655540 10.934305
12 56887 44.655537 10.934303
13 56922 44.655537 10.934302
14 56960 44.655537 10.934302
15 57033 44.655540 10.934299
16 57082 44.655540 10.934299
17 57117 44.655540 10.934299
18 57153 44.655544 10.934293
19 57187 44.655540 10.934292
20 57239 44.655540 10.934292
21 57293 44.655537 10.934299
22 57361 44.655540 10.934290
23 57396 44.655540 10.934290
24 57428 44.655540 10.934290
25 57467 44.655540 10.934290
26 57522 44.655540 10.934288
27 57578 44.655540 10.934285
28 57636 44.655540 10.934283
29 57674 44.655540 10.934283
30 57709 44.655544 10.934281
31 57766 44.655540 10.934284
32 57819 44.655540 10.934283
33 57869 44.655540 10.934283
34 57903 44.655540 10.934281
35 57934 44.655540 10.934279
36 57969 44.655540 10.934279
37 58005 44.655544 10.934278
38 58057 44.655544 10.934274
39 58107 44.655544 10.934274
40 58168 44.655544 10.934275
41 58206 44.655552 10.934265
42 58241 44.655544 10.934272
43 58433 44.655552 10.934266
44 58470 44.655544 10.934270
45 58520 44.655544 10.934271
46 58618 44.655544 10.934273
47 58672 44.655544 10.934271
48 58704 44.655544 10.934269
49 58746 44.655544 10.934269
50 58800 44.655552 10.934261
51 58856 44.655552 10.934259
52 58889 44.655548 10.934267
53 58927 44.655548 10.934262
54 58966 44.655548 10.934262
55 58999 44.655548 10.934262
56 59049 44.655548 10.934261
57 59104 44.655548 10.934260
58 59175 44.655548 10.934261
59 59216 44.655556 10.934255
60 59249 44.655556 10.934254
61 59302 44.655556 10.934253
62 59358 44.655556 10.934251
63 59409 44.655560 10.934249
64 59465 44.655556 10.934251
68 59658 44.655556 10.934249
69 59716 44.655556 10.934249
70 59749 44.655560 10.934247
71 59802 44.655560 10.934247
72 59860 44.655560 10.934246
73 59925 44.655560 10.934244
74 59967 44.655560 10.934244
75 60001 44.655560 10.934243
76 60053 44.655560 10.934242
77 60107 44.655560 10.934242
78 60175 44.655560 10.934242
79 60215 44.655560 10.934241
80 60250 44.655560 10.934241
81 60303 44.655560 10.934240
82 60447 44.655563 10.934238
83 60482 44.655563 10.934237
84 60516 44.655563 10.934237
85 60558 44.655563 10.934237
86 60632 44.655563 10.934237
87 60683 44.655560 10.934235
89 60753 44.655560 10.934236
90 60808 44.655560 10.934235
91 60848 44.655560 10.934233
92 60884 44.655560 10.934233
93 60918 44.655560 10.934232
94 60950 44.655563 10.934231
95 60981 44.655563 10.934230
96 61016 44.655560 10.934230
97 61056 44.655560 10.934229
98 61092 44.655560 10.934228
99 61129 44.655560 10.934227
100 61164 44.655560 10.934226
101 61194 44.655560 10.934226
102 61227 44.655560 10.934224
103 61259 44.655563 10.934224
104 61296 44.655560 10.934222
105 61330 44.655563 10.934221
106 61363 44.655563 10.934221
107 61398 44.655560 10.934220
108 61433 44.655563 10.934217
109 61468 44.655560 10.934218
110 61505 44.655563 10.934218
111 61537 44.655563 10.934215
112 61564 44.655563 10.934214
113 61597 44.655563 10.934215
