0 1552037227036 1890 1010
0 1552037227036 2172 970
0 1552037227036 2108 1052
0 1552037227036 2055 986
1 1552037227066 1879 997
1 1552037227066 2108 1052
1 1552037227066 2175 969
1 1552037227066 2055 986
1 1552037227066 2187 1203
2 1552037227096 1878 996
2 1552037227096 2108 1052
2 1552037227096 2147 961
2 1552037227096 2055 986
2 1552037227096 2188 1202
3 1552037227134 1880 995
3 1552037227134 2108 1052
3 1552037227134 2151 961
3 1552037227134 2055 986
3 1552037227134 2186 1203
4 1552037227167 1882 996
4 1552037227167 2108 1052
4 1552037227167 2055 986
5 1552037227202 1890 1006
5 1552037227202 2108 1052
5 1552037227202 2055 986
6 1552037227232 1897 1013
6 1552037227232 2108 1052
6 1552037227232 2055 986
6 1552037227232 2155 956
7 1552037227264 1898 1014
7 1552037227264 2108 1052
7 1552037227264 2147 953
7 1552037227264 2055 986
7 1552037227264 2188 1202
8 1552037227298 1899 1013
8 1552037227298 2108 1052
8 1552037227298 2055 986
8 1552037227298 2151 951
8 1552037227298 2189 1202
9 1552037227323 1899 1013
9 1552037227323 2108 1052
9 1552037227323 2055 986
10 1552037227352 1900 1013
10 1552037227352 2108 1052
10 1552037227352 2055 986
11 1552037227383 1900 1012
11 1552037227383 2108 1052
11 1552037227383 2055 986
11 1552037227383 2195 1208
12 1552037227411 1901 1012
12 1552037227411 2108 1052
12 1552037227411 2194 1209
12 1552037227411 2055 986
12 1552037227411 2220 1231
13 1552037227449 1902 1014
13 1552037227449 2108 1052
13 1552037227449 2152 943
13 1552037227449 2194 1209
13 1552037227449 2055 986
14 1552037227479 1905 1015
14 1552037227479 2108 1052
14 1552037227479 2153 942
14 1552037227479 2055 986
14 1552037227479 2194 1209
15 1552037227511 1907 1017
15 1552037227511 2108 1052
15 1552037227511 2055 986
15 1552037227511 2194 1209
16 1552037227544 1877 985
16 1552037227544 2112 1055
16 1552037227544 2055 986
16 1552037227544 2194 1209
17 1552037227572 1879 987
17 1552037227572 1905 1014
17 1552037227572 2108 1052
17 1552037227572 2194 1209
17 1552037227572 2055 986
18 1552037227597 1880 987
18 1552037227597 2108 1052
18 1552037227597 2193 1209
18 1552037227597 2055 986
18 1552037227597 2119 930
19 1552037227627 1903 1009
19 1552037227627 2108 1052
19 1552037227627 2193 1209
19 1552037227627 2055 986
19 1552037227627 2113 928
20 1552037227656 1882 988
20 1552037227656 2108 1052
20 1552037227656 2055 986
20 1552037227656 2114 928
20 1552037227656 2193 1209
21 1552037227691 1906 1011
21 1552037227691 2108 1052
21 1552037227691 2055 986
21 1552037227691 2194 1209
22 1552037227721 1909 1013
22 1552037227721 2108 1052
22 1552037227721 2055 986
22 1552037227721 2193 1209
23 1552037227759 1907 1010
23 1552037227759 2108 1052
23 1552037227759 2055 986
23 1552037227759 2193 1209
24 1552037227789 2112 1055
24 1552037227789 1910 1011
24 1552037227789 2055 986
24 1552037227789 2193 1209
25 1552037227825 2112 1055
25 1552037227825 2055 986
25 1552037227825 2193 1209
25 1552037227825 1914 1014
26 1552037227852 2112 1055
26 1552037227852 1886 986
26 1552037227852 2055 986
26 1552037227852 2193 1209
27 1552037227877 1884 985
27 1552037227877 2112 1055
27 1552037227877 2055 986
27 1552037227877 2193 1209
28 1552037227905 1887 986
28 1552037227905 2108 1052
28 1552037227905 2193 1209
28 1552037227905 2055 986
29 1552037227936 1890 987
29 1552037227936 2108 1052
29 1552037227936 2193 1209
29 1552037227936 2055 986
30 1552037227967 1916 1012
30 1552037227967 2112 1055
30 1552037227967 2193 1209
30 1552037227967 2055 986
31 1552037227997 1915 1010
31 1552037227997 2108 1052
31 1552037227997 2193 1209
31 1552037227997 2055 986
32 1552037228028 1932 1023
32 1552037228028 2108 1052
32 1552037228028 2055 986
33 1552037228063 1930 1022
33 1552037228063 2108 1052
33 1552037228063 2055 986
33 1552037228063 2193 1209
34 1552037228092 1919 1011
34 1552037228092 2126 1064
34 1552037228092 2055 986
34 1552037228092 2193 1209
35 1552037228126 1919 1009
35 1552037228126 2126 1064
35 1552037228126 2055 986
35 1552037228126 2193 1209
36 1552037228154 1921 1010
36 1552037228154 2126 1064
36 1552037228154 2055 986
36 1552037228154 2193 1209
37 1552037228182 1922 1009
37 1552037228182 2126 1064
37 1552037228182 2193 1209
37 1552037228182 2055 986
38 1552037228212 1929 1016
38 1552037228212 2108 1052
38 1552037228212 2193 1209
38 1552037228212 2055 986
39 1552037228248 1924 1010
39 1552037228248 2126 1064
39 1552037228248 2055 986
39 1552037228248 2193 1209
40 1552037228278 1936 1018
40 1552037228278 2126 1064
40 1552037228278 2193 1209
40 1552037228278 2055 986
41 1552037228314 1923 1007
41 1552037228314 2126 1064
41 1552037228314 2055 986
41 1552037228314 2193 1209
42 1552037228343 1934 1015
42 1552037228343 2126 1064
42 1552037228343 2193 1209
42 1552037228343 2055 986
43 1552037228380 1935 1014
43 1552037228380 2126 1064
43 1552037228380 2055 986
43 1552037228380 2193 1209
44 1552037228408 1934 1012
44 1552037228408 2126 1064
44 1552037228408 2056 986
44 1552037228408 2193 1209
45 1552037228433 1936 1014
45 1552037228433 2126 1064
45 1552037228433 2056 986
45 1552037228433 2193 1209
46 1552037228461 1940 1016
46 1552037228461 2126 1064
46 1552037228461 2193 1209
46 1552037228461 2056 986
47 1552037228492 1939 1015
47 1552037228492 2126 1064
48 1552037228526 1940 1014
48 1552037228526 2126 1064
48 1552037228526 2056 986
48 1552037228526 2193 1209
49 1552037228555 2126 1064
49 1552037228555 1939 1012
49 1552037228555 1905 982
49 1552037228555 2056 986
49 1552037228555 2193 1209
50 1552037228587 1906 981
50 1552037228587 2126 1064
50 1552037228587 1945 1016
50 1552037228587 2193 1209
50 1552037228587 2056 986
51 1552037228621 2126 1064
52 1552037228650 1906 980
52 1552037228650 2126 1064
52 1552037228650 2056 986
52 1552037228650 2193 1209
53 1552037228686 1943 1012
53 1552037228686 2126 1064
53 1552037228686 2056 986
53 1552037228686 1908 982
53 1552037228686 2193 1209
54 1552037228709 1942 1010
54 1552037228709 2126 1064
54 1552037228709 2056 986
54 1552037228709 2193 1209
54 1552037228709 1909 983
55 1552037228738 1942 1010
55 1552037228738 2126 1064
55 1552037228738 2056 986
55 1552037228738 2193 1209
56 1552037228766 1942 1008
56 1552037228766 2126 1064
56 1552037228766 2056 986
56 1552037228766 2193 1209
57 1552037228796 1944 1009
57 1552037228796 2126 1064
57 1552037228796 2056 986
57 1552037228796 2193 1209
58 1552037228832 1948 1011
58 1552037228832 2126 1064
58 1552037228832 2056 986
58 1552037228832 2193 1209
59 1552037228862 1950 1012
59 1552037228862 2126 1064
59 1552037228862 2194 1209
59 1552037228862 2059 987
60 1552037228893 1951 1012
60 1552037228893 2126 1064
60 1552037228893 2056 986
60 1552037228893 2194 1209
61 1552037228925 1949 1009
61 1552037228925 2126 1064
61 1552037228925 2056 986
61 1552037228925 2194 1209
62 1552037228954 1946 1005
62 1552037228954 2125 1064
62 1552037228954 2194 1209
63 1552037228983 1956 1013
63 1552037228983 2126 1064
63 1552037228983 2194 1209
63 1552037228983 2059 987
64 1552037229010 1956 1012
65 1552037229040 1930 989
65 1552037229040 2126 1064
65 1552037229040 2059 987
66 1552037229071 2126 1064
67 1552037229231 1933 989
67 1552037229231 1879 1330
67 1552037229231 2126 1064
68 1552037229259 1935 990
68 1552037229259 2126 1064
69 1552037229289 1930 987
69 1552037229289 2126 1064
69 1552037229289 2058 988
70 1552037229324 1956 1006
70 1552037229324 2126 1064
70 1552037229324 2058 988
70 1552037229324 2194 1209
71 1552037229358 1956 1006
71 1552037229358 2126 1064
71 1552037229358 2058 988
71 1552037229358 2194 1209
72 1552037229390 1959 1007
72 1552037229390 2126 1064
72 1552037229390 2058 988
73 1552037229420 1956 1004
74 1552037229456 1974 1016
74 1552037229456 2126 1064
74 1552037229456 2058 988
75 1552037229486 1975 1016
76 1552037229507 1924 977
76 1552037229507 1975 1015
76 1552037229507 2058 988
77 1552037229539 1927 978
77 1552037229539 2059 987
77 1552037229539 2126 1064
78 1552037229568 1955 998
78 1552037229568 2058 988
78 1552037229568 2126 1064
78 1552037229568 1885 1327
79 1552037229598 1953 997
79 1552037229598 2058 988
79 1552037229598 2126 1064
80 1552037229634 1976 1012
80 1552037229634 2058 988
80 1552037229634 2126 1064
81 1552037229664 1957 999
81 1552037229664 2058 988
81 1552037229664 2126 1064
82 1552037229700 1975 1010
82 1552037229700 2058 988
83 1552037229729 1975 1010
83 1552037229729 2058 988
84 1552037229762 1960 999
85 1552037229789 1973 1008
86 1552037229820 1979 1011
86 1552037229820 2372 993
86 1552037229820 2058 988
87 1552037229847 1982 1011
88 1552037229877 1982 1011
88 1552037229878 2058 988
88 1552037229878 2126 1064
89 1552037229912 1982 1011
90 1552037229944 1985 1012
91 1552037229971 1984 1010
91 1552037229971 2059 987
92 1552037230007 1984 1010
93 1552037230037 1985 1010
93 1552037230037 2059 987
94 1552037230064 1984 1008
94 1552037230064 2059 987
95 1552037230094 1984 1008
95 1552037230094 2058 988
96 1552037230122 1984 1008
97 1552037230151 1988 1008
97 1552037230151 2055 986
97 1552037230151 2194 1209
98 1552037230188 1986 1007
98 1552037230188 2055 986
98 1552037230188 2108 1052
98 1552037230188 2194 1209
99 1552037230217 1989 1007
99 1552037230217 2055 986
99 1552037230217 2108 1052
100 1552037230249 1987 1006
100 1552037230249 2055 986
100 1552037230249 2108 1052
101 1552037230283 1990 1006
101 1552037230283 2108 1052
101 1552037230283 2055 986
102 1552037230316 1991 1006
102 1552037230316 2055 986
102 1552037230316 2108 1052
103 1552037230343 1994 1007
103 1552037230343 2055 986
104 1552037230366 2002 1011
105 1552037230396 2004 1013
105 1552037230396 2055 986
105 1552037230396 2126 1064
106 1552037230427 1958 981
106 1552037230427 1997 1008
106 1552037230427 2055 986
107 1552037230458 1994 1004
107 1552037230458 1957 980
107 1552037230458 2055 986
112 1552037230620 2001 1005
114 1552037230673 1988 987
115 1552037230702 1986 988
115 1552037230702 2004 1004
116 1552037230737 1990 989
116 1552037230737 2007 1005
116 1552037230737 2193 1209
117 1552037230769 1993 990
118 1552037230803 1990 988
118 1552037230803 2007 1002
118 1552037230803 2193 1209
119 1552037230832 1987 986
119 1552037230832 2001 998
119 1552037230832 2193 1209
119 1552037230832 2535 1113
120 1552037230864 1989 987
120 1552037230864 2194 1209
121 1552037230901 1992 988
121 1552037230901 2194 1209
122 1552037230931 1991 986
122 1552037230931 2193 1209
123 1552037230958 1991 986
123 1552037230958 2194 1209
124 1552037230989 1994 986
124 1552037230989 2194 1209
125 1552037231022 1994 986
125 1552037231022 2194 1209
126 1552037231055 1996 988
126 1552037231055 2194 1209
127 1552037231087 1993 987
128 1552037231123 2018 1002
129 1552037231155 2021 1003
130 1552037231182 2026 1006
132 1552037231232 2030 1007
133 1552037231266 2034 1008
135 1552037231459 2038 1009
136 1552037231488 2033 1005
137 1552037231522 2033 1005
138 1552037231552 2033 1005
139 1552037231582 2034 1004
140 1552037231618 2684 1232
140 1552037231618 2038 1006
141 1552037231649 2032 1003
141 1552037231649 2645 1224
142 1552037231677 2041 1007
143 1552037231709 2035 1004
144 1552037231740 2039 1005
145 1552037231773 2042 1006
146 1552037231804 2040 1005
147 1552037231837 2040 1005
148 1552037231870 2044 1005
149 1552037231898 2047 1007
150 1552037231937 2046 1008
151 1552037231968 2048 1007
158 1552037232184 2052 1004
158 1552037232184 2059 987
159 1552037232219 2053 1004
160 1552037232247 2057 1005
161 1552037232273 2060 1007
164 1552037232366 2056 986
164 1552037232366 2062 1005
166 1552037232428 2067 1006
166 1552037232428 2055 986
167 1552037232462 2063 1005
167 1552037232462 2056 986
168 1552037232494 2064 1004
168 1552037232494 2058 988
169 1552037232522 2061 1003
169 1552037232522 2059 987
170 1552037232546 2063 1002
170 1552037232546 2109 1052
170 1552037232546 2058 988
170 1552037232546 2194 1209
171 1552037232576 2063 1001
171 1552037232576 2194 1209
171 1552037232577 2103 1049
171 1552037232577 2058 988
172 1552037232604 2067 1002
172 1552037232604 2193 1209
174 1552037232671 2065 1000
174 1552037232671 2103 1049
175 1552037232702 2065 1001
175 1552037232702 2071 994
175 1552037232702 2103 1050
175 1552037232702 2194 1209
176 1552037232738 2067 1002
176 1552037232738 2071 994
176 1552037232738 2108 1052
177 1552037232770 2068 1001
177 1552037232770 2075 995
177 1552037232770 2103 1050
178 1552037232799 2069 1001
178 1552037232799 2071 993
178 1552037232799 2409 1283
178 1552037232799 2103 1050
178 1552037232799 2193 1209
178 1552037232799 2220 1231
179 1552037232828 2071 993
179 1552037232828 2103 1050
179 1552037232828 2073 1003
179 1552037232828 2193 1209
179 1552037232828 2406 1284
180 1552037232880 2071 994
180 1552037232880 2102 1050
180 1552037232880 2073 1003
180 1552037232880 2408 1299
180 1552037232880 2193 1209
180 1552037232880 2220 1231
181 1552037232909 2071 994
181 1552037232909 2103 1050
181 1552037232909 2194 1209
182 1552037232942 2074 995
182 1552037232942 2103 1050
182 1552037232942 2194 1209
182 1552037232942 2220 1231
183 1552037232975 2070 994
183 1552037232975 2103 1050
183 1552037232976 2194 1209
183 1552037232976 2220 1231
184 1552037233005 2071 994
184 1552037233005 2102 1050
184 1552037233005 2194 1209
184 1552037233005 2220 1231
185 1552037233034 2069 994
185 1552037233034 2107 1053
185 1552037233034 2194 1209
186 1552037233071 2069 994
186 1552037233071 2107 1053
186 1552037233071 2194 1209
186 1552037233071 2381 1310
187 1552037233096 2067 992
187 1552037233096 2107 1053
187 1552037233096 2364 1301
187 1552037233096 2194 1209
188 1552037233125 2038 978
188 1552037233125 2108 1052
188 1552037233125 2195 1208
189 1552037233152 2067 992
189 1552037233153 2108 1052
189 1552037233153 2194 1209
190 1552037233186 2071 993
190 1552037233186 2102 1050
190 1552037233186 2193 1209
190 1552037233186 2218 1232
191 1552037233219 2068 992
191 1552037233219 2103 1050
191 1552037233219 2193 1209
192 1552037233252 2071 993
192 1552037233252 2103 1050
192 1552037233252 2194 1209
193 1552037233284 2066 990
193 1552037233284 2108 1052
193 1552037233284 2195 1208
194 1552037233317 2066 990
194 1552037233317 2108 1052
195 1552037233349 2063 988
195 1552037233349 2108 1052
195 1552037233349 2194 1209
196 1552037233375 2108 1052
196 1552037233375 2062 988
197 1552037233405 2108 1052
197 1552037233405 2063 988
198 1552037233435 2063 988
198 1552037233435 2108 1052
198 1552037233435 2194 1209
198 1552037233435 2219 1232
199 1552037233600 2069 991
199 1552037233600 2108 1052
199 1552037233600 2194 1209
200 1552037233629 2108 1052
200 1552037233630 2062 986
200 1552037233630 2194 1209
201 1552037233657 2041 976
201 1552037233657 2108 1052
201 1552037233657 2193 1209
202 1552037233691 2042 976
202 1552037233691 2108 1052
202 1552037233691 2193 1209
202 1552037233691 2067 989
203 1552037233721 2046 977
203 1552037233721 2108 1052
203 1552037233721 2194 1209
204 1552037233757 2043 975
204 1552037233757 2108 1052
204 1552037233757 2194 1209
205 1552037233788 2070 987
205 1552037233789 2108 1052
205 1552037233789 2194 1209
206 1552037233815 2108 1052
206 1552037233815 2070 987
206 1552037233815 2193 1209
207 1552037233852 2108 1052
207 1552037233852 2071 987
207 1552037233852 2193 1209
207 1552037233852 2056 985
208 1552037233874 2108 1052
208 1552037233874 2046 977
208 1552037233874 2193 1209
209 1552037233903 2108 1052
209 1552037233903 2047 976
209 1552037233903 2194 1209
210 1552037233933 2105 996
210 1552037233933 2108 1052
210 1552037233933 2194 1209
210 1552037233933 2071 987
211 1552037233967 2105 996
211 1552037233967 2108 1052
211 1552037233967 2193 1209
211 1552037233967 2044 975
212 1552037233997 2109 997
212 1552037233997 2108 1052
212 1552037233997 2193 1209
212 1552037233997 2069 991
213 1552037234029 2110 997
213 1552037234029 2108 1052
213 1552037234029 2193 1209
213 1552037234030 2069 991
214 1552037234063 2109 997
214 1552037234063 2108 1052
214 1552037234063 2194 1209
214 1552037234063 2040 972
215 1552037234092 2110 996
215 1552037234092 2108 1052
215 1552037234092 2069 991
215 1552037234092 2193 1209
215 1552037234092 2345 1451
216 1552037234122 2110 997
216 1552037234122 2108 1052
216 1552037234122 2072 993
216 1552037234122 2194 1209
217 1552037234152 2116 998
217 1552037234152 2108 1052
217 1552037234152 2193 1209
217 1552037234152 2069 991
218 1552037234183 2112 996
218 1552037234183 2108 1052
218 1552037234183 2193 1209
218 1552037234183 2072 993
219 1552037234211 2109 993
219 1552037234211 2108 1052
219 1552037234211 2193 1209
219 1552037234211 2072 992
220 1552037234242 2109 994
220 1552037234242 2108 1052
220 1552037234242 2072 993
220 1552037234242 2194 1209
221 1552037234277 2110 993
221 1552037234277 2108 1052
221 1552037234277 2072 992
221 1552037234277 2193 1209
222 1552037234307 2110 993
222 1552037234307 2108 1052
222 1552037234307 2193 1209
222 1552037234307 2068 991
223 1552037234345 2114 994
223 1552037234345 2108 1052
223 1552037234345 2193 1209
223 1552037234345 2072 993
224 1552037234374 2115 994
224 1552037234374 2108 1052
224 1552037234374 2069 991
224 1552037234374 2193 1209
224 1552037234374 2220 1231
225 1552037234406 2117 993
225 1552037234406 2108 1052
225 1552037234406 2193 1209
225 1552037234406 2068 991
225 1552037234406 2220 1231
226 1552037234436 2126 996
226 1552037234436 2107 1053
226 1552037234437 2193 1209
226 1552037234437 2059 987
226 1552037234437 2220 1231
227 1552037234464 2122 994
227 1552037234464 2108 1052
227 1552037234464 2193 1209
227 1552037234464 2059 987
227 1552037234464 2220 1231
228 1552037234494 2122 994
228 1552037234494 2108 1052
228 1552037234494 2193 1209
228 1552037234494 2059 987
228 1552037234494 2219 1232
229 1552037234531 2117 992
229 1552037234531 2108 1052
229 1552037234531 2193 1209
229 1552037234531 2059 987
229 1552037234531 2219 1232
230 1552037234561 2123 994
230 1552037234561 2108 1052
230 1552037234561 2193 1209
230 1552037234561 2059 987
230 1552037234561 2220 1231
231 1552037234593 2123 993
231 1552037234593 2108 1052
231 1552037234593 2193 1209
231 1552037234593 2059 987
231 1552037234593 2220 1231
232 1552037234628 2119 991
232 1552037234628 2108 1052
232 1552037234628 2193 1209
232 1552037234628 2059 987
232 1552037234628 2220 1231
233 1552037234660 2125 992
233 1552037234660 2108 1052
233 1552037234660 2193 1209
233 1552037234660 2055 986
233 1552037234660 2219 1232
234 1552037234688 2121 990
234 1552037234688 2108 1052
234 1552037234688 2193 1209
234 1552037234688 2086 921
234 1552037234688 2072 993
234 1552037234688 2307 1491
234 1552037234688 2220 1231
235 1552037234715 2121 990
235 1552037234715 2108 1052
235 1552037234715 2193 1209
235 1552037234715 2056 986
235 1552037234715 2304 1492
235 1552037234715 2219 1232
236 1552037234743 2122 990
236 1552037234743 2108 1052
236 1552037234743 2193 1209
236 1552037234743 2055 986
236 1552037234743 2219 1232
237 1552037234775 2128 991
237 1552037234775 2108 1052
237 1552037234775 2301 1493
237 1552037234775 2193 1209
237 1552037234775 2055 986
237 1552037234775 2220 1231
238 1552037234807 2132 993
238 1552037234807 2108 1052
238 1552037234807 2193 1209
238 1552037234807 2056 986
238 1552037234807 2311 1511
238 1552037234807 2220 1231
239 1552037234836 2129 990
239 1552037234836 2108 1052
239 1552037234836 2193 1209
239 1552037234836 2295 1495
239 1552037234836 2056 986
239 1552037234836 2220 1231
240 1552037234872 2125 988
240 1552037234872 2108 1052
240 1552037234872 2193 1209
240 1552037234872 2308 1512
240 1552037234872 2056 986
240 1552037234872 2220 1231
241 1552037234902 2130 990
241 1552037234902 2108 1052
241 1552037234902 2294 1495
241 1552037234902 2193 1209
241 1552037234902 2056 986
241 1552037234902 2220 1231
242 1552037234935 2130 990
242 1552037234935 2108 1052
242 1552037234935 2292 1496
242 1552037234935 2193 1209
242 1552037234935 2056 986
242 1552037234935 2220 1231
243 1552037234963 2130 989
243 1552037234963 2277 1476
243 1552037234963 2108 1052
243 1552037234963 2193 1209
243 1552037234963 2056 986
243 1552037234963 2219 1231
244 1552037234989 2125 988
244 1552037234989 2276 1476
244 1552037234989 2112 1055
244 1552037234989 2193 1209
244 1552037234989 2056 986
245 1552037235017 2131 989
245 1552037235017 2291 1497
245 1552037235017 2108 1052
245 1552037235017 2193 1209
245 1552037235017 2056 986
246 1552037235048 2132 988
246 1552037235048 2108 1052
246 1552037235048 2305 1513
246 1552037235048 2193 1209
246 1552037235048 2056 986
246 1552037235048 2297 1516
247 1552037235079 2137 990
247 1552037235079 2108 1052
247 1552037235079 2305 1513
247 1552037235079 2283 1499
247 1552037235079 2193 1209
247 1552037235079 2056 986
248 1552037235109 2137 990
248 1552037235109 2108 1052
248 1552037235109 2283 1499
248 1552037235109 2193 1209
248 1552037235109 2305 1513
248 1552037235109 2056 986
249 1552037235145 2138 990
249 1552037235145 2108 1052
249 1552037235145 2269 1479
249 1552037235145 2193 1209
249 1552037235145 2056 986
249 1552037235145 2322 1536
250 1552037235174 2134 987
250 1552037235174 2108 1052
250 1552037235174 2285 1499
250 1552037235174 2193 1209
250 1552037235174 2056 986
251 1552037235208 2139 989
251 1552037235208 2108 1052
251 1552037235208 2193 1209
251 1552037235208 2297 1516
251 1552037235208 2056 986
252 1552037235240 2143 990
252 1552037235240 2108 1052
252 1552037235240 2297 1516
252 1552037235240 2193 1209
252 1552037235240 2056 986
253 1552037235268 2140 988
253 1552037235268 2108 1052
253 1552037235268 2193 1209
253 1552037235268 2296 1517
253 1552037235268 2056 986
253 1552037235268 2138 990
254 1552037235296 2145 989
254 1552037235296 2108 1052
254 1552037235296 2295 1517
254 1552037235296 2193 1209
254 1552037235296 2056 986
255 1552037235326 2150 991
255 1552037235326 2108 1052
255 1552037235326 2295 1517
255 1552037235326 2193 1209
255 1552037235326 2056 986
256 1552037235360 2154 992
256 1552037235360 2112 1055
256 1552037235360 2193 1209
256 1552037235360 2309 1540
256 1552037235360 2055 986
257 1552037235389 2151 991
257 1552037235389 2112 1055
257 1552037235389 2193 1209
257 1552037235389 2309 1540
257 1552037235389 2055 986
258 1552037235425 2143 987
258 1552037235425 2112 1055
258 1552037235425 2193 1209
258 1552037235425 2055 986
259 1552037235455 2143 987
259 1552037235455 2112 1055
259 1552037235455 2193 1209
259 1552037235455 2055 986
260 1552037235485 2148 988
260 1552037235485 2108 1052
260 1552037235485 2193 1209
260 1552037235485 2055 986
261 1552037235521 2148 988
261 1552037235521 2108 1052
261 1552037235521 2193 1209
261 1552037235521 2055 986
262 1552037235546 2149 987
262 1552037235546 2108 1052
262 1552037235546 2194 1209
262 1552037235546 2055 986
263 1552037235574 2149 987
263 1552037235574 2108 1052
263 1552037235574 2193 1209
263 1552037235574 2055 986
264 1552037235605 2149 987
264 1552037235605 2112 1055
264 1552037235605 2193 1209
264 1552037235605 2055 986
265 1552037235776 2149 987
265 1552037235776 2108 1052
265 1552037235776 2194 1209
265 1552037235776 2055 986
266 1552037235806 2150 987
266 1552037235806 2112 1055
266 1552037235806 2194 1209
266 1552037235806 2055 986
267 1552037235836 2150 986
267 1552037235836 2108 1052
267 1552037235836 2193 1209
267 1552037235836 2055 986
268 1552037235867 2150 987
268 1552037235868 2108 1052
268 1552037235868 2193 1209
268 1552037235868 2055 986
269 1552037235901 2150 986
269 1552037235901 2108 1052
269 1552037235901 2193 1209
269 1552037235901 2055 986
270 1552037235932 2151 986
270 1552037235932 2112 1055
270 1552037235932 2193 1209
270 1552037235932 2055 986
271 1552037235964 2151 986
271 1552037235964 2112 1055
271 1552037235964 2193 1209
271 1552037235964 2055 986
272 1552037235998 2156 988
272 1552037235998 2108 1052
272 1552037235998 2193 1209
272 1552037235998 2055 986
273 1552037236028 2156 988
273 1552037236028 2112 1055
273 1552037236028 2193 1209
273 1552037236028 2055 986
274 1552037236051 2160 989
274 1552037236051 2108 1052
274 1552037236051 2193 1209
274 1552037236051 2055 986
275 1552037236080 2161 989
275 1552037236080 2108 1052
275 1552037236080 2193 1209
275 1552037236080 2055 986
276 1552037236110 2157 987
276 1552037236110 2112 1055
276 1552037236110 2193 1209
277 1552037236138 2161 989
277 1552037236138 2112 1055
277 1552037236138 2193 1209
277 1552037236138 2055 986
278 1552037236174 2161 989
278 1552037236174 2112 1055
278 1552037236174 2193 1209
278 1552037236174 2055 986
279 1552037236204 2161 989
279 1552037236204 2112 1055
279 1552037236204 2193 1209
279 1552037236204 2055 986
280 1552037236236 2167 990
280 1552037236236 2112 1055
280 1552037236236 2193 1209
280 1552037236236 2055 986
281 1552037236269 2167 990
281 1552037236269 2112 1055
281 1552037236269 2193 1209
281 1552037236269 2055 986
282 1552037236299 2167 990
282 1552037236299 2112 1055
282 1552037236299 2193 1209
282 1552037236299 2055 986
283 1552037236327 2167 990
283 1552037236327 2112 1055
283 1552037236327 2193 1209
283 1552037236327 2055 986
284 1552037236358 2162 988
284 1552037236358 2112 1055
284 1552037236358 2193 1209
284 1552037236358 2055 986
285 1552037236386 2167 990
285 1552037236386 2108 1052
285 1552037236386 2193 1209
285 1552037236386 2055 986
286 1552037236416 2162 988
286 1552037236416 2112 1055
286 1552037236416 2193 1209
286 1552037236416 2055 986
287 1552037236450 2162 988
287 1552037236450 2112 1055
287 1552037236450 2193 1209
287 1552037236450 2055 986
288 1552037236479 2162 988
288 1552037236479 2108 1052
288 1552037236479 2194 1209
288 1552037236479 2055 986
289 1552037236509 2163 988
289 1552037236509 2108 1052
289 1552037236509 2194 1209
289 1552037236509 2055 986
290 1552037236545 2163 988
290 1552037236545 2108 1052
290 1552037236545 2194 1209
290 1552037236545 2055 986
291 1552037236573 2163 988
291 1552037236573 2108 1052
291 1552037236573 2194 1209
291 1552037236573 2055 986
292 1552037236602 2168 990
292 1552037236602 2108 1052
292 1552037236602 2194 1209
292 1552037236602 2055 986
293 1552037236629 2168 990
293 1552037236629 2108 1052
293 1552037236629 2194 1209
293 1552037236629 2055 986
294 1552037236656 2164 987
294 1552037236656 2108 1052
294 1552037236656 2194 1209
294 1552037236656 2055 986
295 1552037236686 2164 987
295 1552037236686 2108 1052
295 1552037236686 2194 1209
295 1552037236686 2055 986
296 1552037236722 2186 994
296 1552037236722 2108 1052
296 1552037236722 2194 1209
296 1552037236722 2055 986
297 1552037236753 2180 993
297 1552037236753 2108 1052
297 1552037236753 2194 1209
297 1552037236753 2055 986
298 1552037236785 2186 994
298 1552037236785 2108 1052
298 1552037236785 2194 1209
298 1552037236785 2055 986
299 1552037236820 2186 994
299 1552037236820 2108 1052
299 1552037236820 2194 1209
299 1552037236820 2055 986
300 1552037236850 2108 1052
300 1552037236850 2182 991
300 1552037236850 2194 1209
300 1552037236850 2185 995
300 1552037236850 2055 986
301 1552037236881 2182 991
301 1552037236881 2108 1052
301 1552037236881 2194 1209
301 1552037236881 2055 986
302 1552037236900 2181 992
302 1552037236900 2108 1052
302 1552037236900 2194 1209
302 1552037236900 2055 986
303 1552037236930 2181 992
303 1552037236930 2108 1052
303 1552037236930 2194 1209
303 1552037236930 2055 986
304 1552037236958 2183 991
304 1552037236958 2108 1052
304 1552037236958 2194 1209
304 1552037236958 2055 986
305 1552037236992 2189 993
305 1552037236992 2108 1052
305 1552037236992 2194 1209
305 1552037236992 2055 986
306 1552037237022 2188 993
306 1552037237022 2108 1052
306 1552037237022 2194 1209
306 1552037237022 2055 986
307 1552037237052 2189 993
307 1552037237052 2108 1052
307 1552037237052 2194 1209
307 1552037237052 2055 986
308 1552037237087 2194 994
308 1552037237087 2108 1052
308 1552037237087 2194 1209
308 1552037237087 2055 986
309 1552037237116 2189 993
309 1552037237116 2108 1052
309 1552037237116 2194 1209
309 1552037237116 2055 986
310 1552037237149 2189 993
310 1552037237149 2108 1052
310 1552037237149 2194 1209
310 1552037237149 2055 986
311 1552037237177 2189 993
311 1552037237177 2108 1052
311 1552037237177 2194 1209
311 1552037237177 2055 986
312 1552037237206 2189 993
312 1552037237206 2108 1052
312 1552037237206 2194 1209
312 1552037237206 2055 986
313 1552037237234 2183 991
313 1552037237234 2108 1052
313 1552037237234 2194 1209
313 1552037237234 2055 986
314 1552037237266 2189 993
314 1552037237266 2108 1052
314 1552037237266 2194 1209
315 1552037237302 2194 994
315 1552037237302 2112 1055
315 1552037237302 2194 1209
316 1552037237332 2194 994
316 1552037237332 2108 1052
316 1552037237332 2194 1209
316 1552037237332 2055 986
317 1552037237366 2188 993
317 1552037237366 2108 1052
317 1552037237366 2194 1209
317 1552037237366 2055 986
318 1552037237395 2189 992
318 1552037237395 2194 1209
318 1552037237395 2126 1064
318 1552037237395 2055 986
319 1552037237431 2190 992
319 1552037237431 2126 1064
319 1552037237431 2194 1209
319 1552037237431 2055 986
320 1552037237458 2195 994
320 1552037237458 2112 1055
320 1552037237458 2194 1209
321 1552037237486 2196 993
321 1552037237486 2112 1055
321 1552037237486 2194 1209
322 1552037237516 2196 993
322 1552037237516 2112 1055
322 1552037237516 2193 1209
323 1552037237550 2196 993
323 1552037237550 2112 1055
323 1552037237550 2193 1209
324 1552037237580 2196 993
324 1552037237580 2112 1055
324 1552037237580 2193 1209
325 1552037237611 2203 995
325 1552037237611 2112 1055
326 1552037237646 2210 997
326 1552037237646 2112 1055
326 1552037237646 2193 1209
327 1552037237676 2210 997
327 1552037237676 2112 1055
327 1552037237676 2193 1209
328 1552037237708 2210 997
328 1552037237708 2112 1055
329 1552037237734 2210 997
329 1552037237734 2112 1055
330 1552037237764 2203 995
330 1552037237764 2112 1055
330 1552037237764 2193 1209
331 1552037237794 2210 997
331 1552037237794 2108 1052
332 1552037237957 2210 997
332 1552037237957 2108 1052
333 1552037237986 2210 997
333 1552037237987 2108 1052
334 1552037238014 2211 996
334 1552037238014 2112 1055
335 1552037238048 2211 996
335 1552037238048 2112 1055
336 1552037238082 2211 996
336 1552037238082 2108 1052
337 1552037238114 2210 997
337 1552037238114 2108 1052
338 1552037238148 2215 998
338 1552037238148 2108 1052
338 1552037238148 2193 1209
339 1552037238177 2215 998
339 1552037238177 2126 1064
339 1552037238177 2202 1217
340 1552037238205 2215 998
340 1552037238205 2108 1052
340 1552037238205 2193 1209
341 1552037238237 2216 998
341 1552037238238 2108 1052
341 1552037238238 2193 1209
342 1552037238268 2210 997
342 1552037238268 2108 1052
342 1552037238268 2194 1209
343 1552037238296 2236 1004
343 1552037238296 2108 1052
343 1552037238296 2193 1209
344 1552037238332 2243 1007
344 1552037238332 2126 1064
345 1552037238366 2235 1005
345 1552037238366 2126 1064
345 1552037238366 2193 1209
346 1552037238395 2235 1005
346 1552037238395 2126 1064
347 1552037238430 2235 1005
347 1552037238430 2126 1064
348 1552037238461 2235 1005
351 1552037238551 2125 1064
351 1552037238551 2236 1004
352 1552037238578 2132 1067
352 1552037238578 2242 1007
353 1552037238612 2242 1007
353 1552037238612 2125 1064
353 1552037238612 2202 1217
354 1552037238644 2236 1004
354 1552037238644 2125 1064
354 1552037238644 2193 1209
355 1552037238677 2236 1004
355 1552037238677 2132 1067
355 1552037238677 2193 1209
356 1552037238710 2243 1007
356 1552037238710 2131 1067
356 1552037238710 2202 1217
357 1552037238747 2243 1007
357 1552037238747 2125 1064
357 1552037238747 2202 1217
358 1552037238774 2249 1009
358 1552037238774 2203 1216
359 1552037238806 2202 1217
359 1552037238806 2249 1009
360 1552037238833 1791 1083
360 1552037238833 2202 1217
360 1552037238833 2249 1009
361 1552037238865 1792 1086
361 1552037238865 2202 1217
362 1552037238897 1792 1086
362 1552037238897 2202 1217
363 1552037238927 1792 1086
363 1552037238927 2202 1217
364 1552037238962 1793 1086
364 1552037238962 2202 1217
365 1552037238992 1793 1086
365 1552037238992 2202 1217
366 1552037239021 1793 1087
366 1552037239021 2202 1217
367 1552037239051 1793 1078
367 1552037239051 2202 1217
368 1552037239118 1793 1079
368 1552037239118 2202 1217
369 1552037239185 1795 1088
369 1552037239185 2271 1017
369 1552037239185 2202 1217
370 1552037239225 1795 1090
370 1552037239225 2202 1217
371 1552037239258 1795 1081
371 1552037239258 2271 1017
371 1552037239258 2202 1217
